Table PNG,Table Rendering,Dataset Number,Topic,Condition,Repetition,Header, Column,Par 1,Par 2, Prompt , Answer, Answer Column / Row, Header, Column.1,Par 1.1,Par 2.1,T2 Prompt , Answer.1, Answer Column / Row.1,Header.1, Column.2,Par 1.2,Par 2.2, Prompt .1,Highest Value,T3 Highest Row Index,T3 Answer1 ,Second Highest Value,T3 Second Row Index,T3 Answer2,Third Highest Value,T3 Third Row Index,T3 Answer3,Expected Answer, Answer Column / Row.2, Header.1, Column.3,Par 1.3,Par 2.3,T4 Prompt ,T4 Answer, Answer Column / Row.3, Header.2, Column.4,Par1,Par2,T5 Prompt,T5 Answer,T5 Row Index,task id,Task
DS1_anime_color1.png,1,1,anime,color,1,Watching,J,80,0,"In the 'Watching' column, count how many cells exceed the value of '80' ",7,J,Episodes,C,0.9092102829133202,,Determine which of the last 5 columns is most positively correalated with the first column named 'Episodes' ,Completed,I,Dropped,L,60 56 53,,"In the 'Dropped' column, give the row names of the animes with the highest 3 values in descending order ",60,13,Fafnar Weapon,56,18,Connect Angel,53,27,Dragon Ball,Fafnar Weapon-Connect Angel-Dragon Ball,13 18 27,Score,D,,,"In the 'Score' column, calculate a rough estimate of the average value",28.89655172413793,D,Members,G,15,1,"In the 'Members' column, find the anime with a value equal to '15' ",Metal Panic,16,1,Filter
DS2_anime_color2.png,2,2,anime,color,2,Popularity,I,70,0,"In the 'Popularity' column, count how many cells exceed the value of '70' ",6,I,Plan to Watch,C,0.94286333401893,,Determine which of the last 5 columns is most positively correalated with the first column named 'Plan to Watch' ,Favorites,L,Popularity,I,88 86 83,,"In the 'Popularity' column, give the row names of the animes with the highest 3 values in descending order ",88,5,Different Life,86,18,Connect Angel,83,6,Assassian World,Different Life-Connect Angel-Assassian World,5 18 6,Episodes,F,,,"In the 'Episodes' column, calculate a rough estimate of the average value",66.90214352283319,F,Ranked,H,26,1,"In the 'Ranked' column, find the anime with a value equal to '26' ",Monster Hunter,20,1,Filter
DS3_anime_color3.png,3,3,anime,color,3,Watching,G,88,0,"In the 'Watching' column, count how many cells exceed the value of '88' ",5,G,Completed,C,0.9730627334501696,,Determine which of the last 5 columns is most positively correalated with the first column named 'Completed' ,Episodes,K,On-Hold,J,75 73 71,,"In the 'On-Hold' column, give the row names of the animes with the highest 3 values in descending order ",75,5,Dragon Ball,73,10,Different Life,71,11,Connect Angel,Dragon Ball-Different Life-Connect Angel,5 10 11,Members,E,,,"In the 'Members' column, calculate a rough estimate of the average value",37.86206896551724,E,Dropped,I,17,1,"In the 'Dropped' column, find the anime with a value equal to '17' ",Magical Warfare,16,1,Filter
DS4_anime_color4.png,4,4,anime,color,4,Members,K,43,0,"In the 'Members' column, count how many cells exceed the value of '43' ",8,K,Score,C,0.9544895140214856,,Determine which of the last 5 columns is most positively correalated with the first column named 'Score' ,Dropped,J,Members,K,74 73 70,,"In the 'Members' column, give the row names of the animes with the highest 3 values in descending order ",74,6,Different Life,73,24,Fafnar Weapon,70,22,Travel World,Different Life-Fafnar Weapon-Travel World,6 24 22,Favorites,G,,,"In the 'Favorites' column, calculate a rough estimate of the average value",47.6551724137931,G,Dropped,J,12,1,"In the 'Dropped' column, find the anime with a value equal to '12' ",Metal Panic,18,1,Filter
DS5_cereal_bar1.png,53,5,cereal,bar,1,Carbo,I,57,0,"In the 'Carbo' column, count how many cells exceed the value of '57' ",8,I,Potassium,C,0.9184836043043162,,Determine which of the last 5 columns is most positively correalated with the first column named 'Potassium' ,Sugars,K,Calories,H,88 86 83,,"In the 'Calories' column, give the row names of the cereals with the highest 3 values in descending order ",88,5,Lucky Charms,86,19,Smile Maker,83,20,Wonderful Chex,Lucky Charms-Smile Maker-Wonderful Chex,5 19 20,Vitamins,F,,,"In the 'Vitamins' column, calculate a rough estimate of the average value",56.93103448275862,F,Protein,K,51,1,"In the 'Protein' column, find the cereal with a value equal to '51' ",Mini Wheats,17,1,Filter
DS6_cereal_bar2.png,54,6,cereal,bar,2,Sodium,H,70,0,"In the 'Sodium' column, count how many cells exceed the value of '70' ",5,H,Calories,C,0.950559168176336,,Determine which of the last 5 columns is most positively correalated with the first column named 'Calories' ,Protein,I,Potassium,I,71 70 68,,"In the 'Potassium' column, give the row names of the cereals with the highest 3 values in descending order ",71,22,Froot Loops,70,3,Almond Delight,68,7,Post Nat,Froot Loops-Almond Delight-Post Nat,22 3 7,Calories,E,,,"In the 'Calories' column, calculate a rough estimate of the average value",42.10344827586207,E,Sodium,H,32,1,"In the 'Sodium' column, find the cereal with a value equal to '32' ",Colorful Bran,19,1,Filter
DS7_cereal_bar3.png,55,7,cereal,bar,3,Carbo,J,45,0,"In the 'Carbo' column, count how many cells exceed the value of '45' ",6,J,Iron,C,0.91594870582426,,Determine which of the last 5 columns is most positively correalated with the first column named 'Iron' ,Carbo,J,Carbo,J,60 56 53,,"In the 'Carbo' column, give the row names of the cereals with the highest 3 values in descending order ",60,7,Fruity Pebbles,56,23,Colorful Bran,53,18,Cap Crunch,Fruity Pebbles-Colorful Bran-Cap Crunch,7 23 18,Sugars,D,,,"In the 'Sugars' column, calculate a rough estimate of the average value",35.62068965517241,D,Calories,I,83,1,"In the 'Calories' column, find the cereal with a value equal to '83' ",Corn Favorite,17,1,Filter
DS8_cereal_bar4.png,56,8,cereal,bar,4,Sugars,K,60,0,"In the 'Sugars' column, count how many cells exceed the value of '60' ",7,K,Vitamins,C,0.9094184192004277,,Determine which of the last 5 columns is most positively correalated with the first column named 'Vitamins' ,Potassium,L,Sugars,K,75 73 71,,"In the 'Sugars' column, give the row names of the cereals with the highest 3 values in descending order ",75,16,Cap Crunch,73,10,Fruit Fibre,71,19,Colorful Bran,Cap Crunch-Fruit Fibre-Colorful Bran,16 10 19,Calories,E,,,"In the 'Calories' column, calculate a rough estimate of the average value",52.310344827586206,E,Sugars,K,26,1,"In the 'Sugars' column, find the cereal with a value equal to '26' ",Double Chex,20,1,Filter
DS9_candy_zebra1.png,25,9,candy,zebra,1,SugarPercent,K,66,0,"In the 'SugarPercent' column, count how many cells exceed the value of '66' ",5,K,Hard,C,0.952484021784787,,Determine which of the last 5 columns is most positively correalated with the first column named 'Hard' ,Chocolate,L,Hard,H,98 84 80,,"In the 'Hard' column, give the row names of the candys with the highest 3 values in descending order ",98,30,Fun Dips,84,9,Crunch Time,80,11,Now Later,Fun Dips-Crunch Time-Now Later,30 9 11,Nougat,G,,,"In the 'Nougat' column, calculate a rough estimate of the average value",37.86206896551724,G,Pluribus,J,32,1,"In the 'Pluribus' column, find the candy with a value equal to '32' ",Root Barrels,19,1,Filter
DS10_candy_zebra2.png,26,10,candy,zebra,2,Caramel,J,38,0,"In the 'Caramel' column, count how many cells exceed the value of '38' ",8,J,SugarPercent,C,0.9102243079467232,,Determine which of the last 5 columns is most positively correalated with the first column named 'SugarPercent' ,Rating,J,Almond,K,75 73 71,,"In the 'Almond' column, give the row names of the candys with the highest 3 values in descending order ",75,31,Fun Dips,73,8,Laffy Taffy,71,26,Gold Bears,Fun Dips-Laffy Taffy-Gold Bears,31 8 26,Nougat,D,,,"In the 'Nougat' column, calculate a rough estimate of the average value",35.62068965517241,D,Almond,K,52,1,"In the 'Almond' column, find the candy with a value equal to '52' ",Cheese Bears,16,1,Filter
DS11_candy_zebra3.png,27,11,candy,zebra,3,SugarPercent,G,50,0,"In the 'SugarPercent' column, count how many cells exceed the value of '50' ",7,G,Rating,C,0.9228939980431892,,Determine which of the last 5 columns is most positively correalated with the first column named 'Rating' ,Chocolate,K,Nougat,L,75 73 71,,"In the 'Nougat' column, give the row names of the candys with the highest 3 values in descending order ",75,27,Gold Bears,73,12,Fun Dips,71,28,Root Barrels,Gold Bears-Fun Dips-Root Barrels,27 12 28,Price,F,,,"In the 'Price' column, calculate a rough estimate of the average value",50.241379310344826,F,Nougat,L,52,1,"In the 'Nougat' column, find the candy with a value equal to '52' ",Milk Duds,15,1,Filter
DS12_candy_zebra4.png,28,12,candy,zebra,4,Caramel,I,57,0,"In the 'Caramel' column, count how many cells exceed the value of '57' ",6,I,Hard,C,0.9508786303434444,,Determine which of the last 5 columns is most positively correalated with the first column named 'Hard' ,Nougat,I,Fruity,J,98 97 95,,"In the 'Fruity' column, give the row names of the candys with the highest 3 values in descending order ",98,30,Air Heads,97,19,Junior Mints,95,16,Haribo Cola,Air Heads-Junior Mints-Haribo Cola,30 19 16,Almond,G,,,"In the 'Almond' column, calculate a rough estimate of the average value",37.86206896551724,G,Nougat,K,59,1,"In the 'Nougat' column, find the candy with a value equal to '59' ",Haribo Cola,16,1,Filter
DS13_movie_plain1.png,45,13,movie,plain,1,Hulu,H,70,0,"In the 'Hulu' column, count how many cells exceed the value of '70' ",5,H,Naver,C,0.9697062062812496,,Determine which of the last 5 columns is most positively correalated with the first column named 'Naver' ,Roger Ebert,I,PluggedIn,I,71 70 68,,"In the 'PluggedIn' column, give the row names of the movies with the highest 3 values in descending order ",71,21,About Elly,70,16,Black White,68,17,Divergent Series,About Elly-Black White-Divergent Series,21 16 17,Fandango,E,,,"In the 'Fandango' column, calculate a rough estimate of the average value",52.310344827586206,E,RottenTomatoes,J,67,1,"In the 'RottenTomatoes' column, find the movie with a value equal to '67' ",Welcome Home,20,1,Filter
DS14_movie_plain2.png,46,14,movie,plain,2,MrQE,I,76,0,"In the 'MrQE' column, count how many cells exceed the value of '76' ",8,I,MrQE,C,0.932265725644314,,Determine which of the last 5 columns is most positively correalated with the first column named 'MrQE' ,Netflix,L,Metacritic,K,75 73 71,,"In the 'Metacritic' column, give the row names of the movies with the highest 3 values in descending order ",75,5,Irrational Man ,73,21,Teenage Girl ,71,20,Mapping Stars,Irrational Man -Teenage Girl -Mapping Stars,5 21 20,Roger Ebert,G,,,"In the 'Roger Ebert' column, calculate a rough estimate of the average value",37.86206896551724,G,MrQE,I,79,1,"In the 'MrQE' column, find the movie with a value equal to '79' ",Tomorrow land,18,1,Filter
DS15_movie_plain3.png,47,15,movie,plain,3,Netflix,J,54,0,"In the 'Netflix' column, count how many cells exceed the value of '54' ",7,J,RottenTomatoes,C,0.9167989111790532,,Determine which of the last 5 columns is most positively correalated with the first column named 'RottenTomatoes' ,Netflix,K,Fandango,H,98 84 80,,"In the 'Fandango' column, give the row names of the movies with the highest 3 values in descending order ",98,10,Teenage Girl ,84,9,Irrational Man ,80,20,Next Door,Teenage Girl -Irrational Man -Next Door,10 9 20,RottenTomatoes,F,,,"In the 'RottenTomatoes' column, calculate a rough estimate of the average value",50.241379310344826,F,Film Comment,L,73,1,"In the 'Film Comment' column, find the movie with a value equal to '73' ",Adaline Age,19,1,Filter
DS16_movie_plain4.png,48,16,movie,plain,4,Hulu,G,57,0,"In the 'Hulu' column, count how many cells exceed the value of '57' ",6,G,IMDB,C,0.9728327679668906,,Determine which of the last 5 columns is most positively correalated with the first column named 'IMDB' ,Fandango,J,Netflix,J,71 70 68,,"In the 'Netflix' column, give the row names of the movies with the highest 3 values in descending order ",71,18,Welcome Home,70,6,About Elly,68,10,Irrational Man ,Welcome Home-About Elly-Irrational Man ,18 6 10,IMDB,E,,,"In the 'IMDB' column, calculate a rough estimate of the average value",52.310344827586206,E,PluggedIn,K,31,1,"In the 'PluggedIn' column, find the movie with a value equal to '31' ",Still Alice,17,1,Filter
DS1_anime_color1.png,1,1,anime,color,1,Watching,J,80,0,"In the 'Watching' column, count how many cells exceed the value of '80' ",7,J,Episodes,C,0.9092102829133202,,Determine which of the last 5 columns is most positively correalated with the first column named 'Episodes' ,Completed,I,Dropped,L,60 56 53,,"In the 'Dropped' column, give the row names of the animes with the highest 3 values in descending order ",60,13,Fafnar Weapon,56,18,Connect Angel,53,27,Dragon Ball,Fafnar Weapon-Connect Angel-Dragon Ball,13 18 27,Score,D,,,"In the 'Score' column, calculate a rough estimate of the average value",28.89655172413793,D,Members,G,15,1,"In the 'Members' column, find the anime with a value equal to '15' ",Metal Panic,16,2,Correlation
DS2_anime_color2.png,2,2,anime,color,2,Popularity,I,70,0,"In the 'Popularity' column, count how many cells exceed the value of '70' ",6,I,Plan to Watch,C,0.94286333401893,,Determine which of the last 5 columns is most positively correalated with the first column named 'Plan to Watch' ,Favorites,L,Popularity,I,88 86 83,,"In the 'Popularity' column, give the row names of the animes with the highest 3 values in descending order ",88,5,Different Life,86,18,Connect Angel,83,6,Assassian World,Different Life-Connect Angel-Assassian World,5 18 6,Episodes,F,,,"In the 'Episodes' column, calculate a rough estimate of the average value",66.90214352283319,F,Ranked,H,26,1,"In the 'Ranked' column, find the anime with a value equal to '26' ",Monster Hunter,20,2,Correlation
DS3_anime_color3.png,3,3,anime,color,3,Watching,G,88,0,"In the 'Watching' column, count how many cells exceed the value of '88' ",5,G,Completed,C,0.9730627334501696,,Determine which of the last 5 columns is most positively correalated with the first column named 'Completed' ,Episodes,K,On-Hold,J,75 73 71,,"In the 'On-Hold' column, give the row names of the animes with the highest 3 values in descending order ",75,5,Dragon Ball,73,10,Different Life,71,11,Connect Angel,Dragon Ball-Different Life-Connect Angel,5 10 11,Members,E,,,"In the 'Members' column, calculate a rough estimate of the average value",37.86206896551724,E,Dropped,I,17,1,"In the 'Dropped' column, find the anime with a value equal to '17' ",Magical Warfare,16,2,Correlation
DS4_anime_color4.png,4,4,anime,color,4,Members,K,43,0,"In the 'Members' column, count how many cells exceed the value of '43' ",8,K,Score,C,0.9544895140214856,,Determine which of the last 5 columns is most positively correalated with the first column named 'Score' ,Dropped,J,Members,K,74 73 70,,"In the 'Members' column, give the row names of the animes with the highest 3 values in descending order ",74,6,Different Life,73,24,Fafnar Weapon,70,22,Travel World,Different Life-Fafnar Weapon-Travel World,6 24 22,Favorites,G,,,"In the 'Favorites' column, calculate a rough estimate of the average value",47.6551724137931,G,Dropped,J,12,1,"In the 'Dropped' column, find the anime with a value equal to '12' ",Metal Panic,18,2,Correlation
DS5_cereal_bar1.png,53,5,cereal,bar,1,Carbo,I,57,0,"In the 'Carbo' column, count how many cells exceed the value of '57' ",8,I,Potassium,C,0.9184836043043162,,Determine which of the last 5 columns is most positively correalated with the first column named 'Potassium' ,Sugars,K,Calories,H,88 86 83,,"In the 'Calories' column, give the row names of the cereals with the highest 3 values in descending order ",88,5,Lucky Charms,86,19,Smile Maker,83,20,Wonderful Chex,Lucky Charms-Smile Maker-Wonderful Chex,5 19 20,Vitamins,F,,,"In the 'Vitamins' column, calculate a rough estimate of the average value",56.93103448275862,F,Protein,K,51,1,"In the 'Protein' column, find the cereal with a value equal to '51' ",Mini Wheats,17,2,Correlation
DS6_cereal_bar2.png,54,6,cereal,bar,2,Sodium,H,70,0,"In the 'Sodium' column, count how many cells exceed the value of '70' ",5,H,Calories,C,0.950559168176336,,Determine which of the last 5 columns is most positively correalated with the first column named 'Calories' ,Protein,I,Potassium,I,71 70 68,,"In the 'Potassium' column, give the row names of the cereals with the highest 3 values in descending order ",71,22,Froot Loops,70,3,Almond Delight,68,7,Post Nat,Froot Loops-Almond Delight-Post Nat,22 3 7,Calories,E,,,"In the 'Calories' column, calculate a rough estimate of the average value",42.10344827586207,E,Sodium,H,32,1,"In the 'Sodium' column, find the cereal with a value equal to '32' ",Colorful Bran,19,2,Correlation
DS7_cereal_bar3.png,55,7,cereal,bar,3,Carbo,J,45,0,"In the 'Carbo' column, count how many cells exceed the value of '45' ",6,J,Iron,C,0.91594870582426,,Determine which of the last 5 columns is most positively correalated with the first column named 'Iron' ,Carbo,J,Carbo,J,60 56 53,,"In the 'Carbo' column, give the row names of the cereals with the highest 3 values in descending order ",60,7,Fruity Pebbles,56,23,Colorful Bran,53,18,Cap Crunch,Fruity Pebbles-Colorful Bran-Cap Crunch,7 23 18,Sugars,D,,,"In the 'Sugars' column, calculate a rough estimate of the average value",35.62068965517241,D,Calories,I,83,1,"In the 'Calories' column, find the cereal with a value equal to '83' ",Corn Favorite,17,2,Correlation
DS8_cereal_bar4.png,56,8,cereal,bar,4,Sugars,K,60,0,"In the 'Sugars' column, count how many cells exceed the value of '60' ",7,K,Vitamins,C,0.9094184192004277,,Determine which of the last 5 columns is most positively correalated with the first column named 'Vitamins' ,Potassium,L,Sugars,K,75 73 71,,"In the 'Sugars' column, give the row names of the cereals with the highest 3 values in descending order ",75,16,Cap Crunch,73,10,Fruit Fibre,71,19,Colorful Bran,Cap Crunch-Fruit Fibre-Colorful Bran,16 10 19,Calories,E,,,"In the 'Calories' column, calculate a rough estimate of the average value",52.310344827586206,E,Sugars,K,26,1,"In the 'Sugars' column, find the cereal with a value equal to '26' ",Double Chex,20,2,Correlation
DS9_candy_zebra1.png,25,9,candy,zebra,1,SugarPercent,K,66,0,"In the 'SugarPercent' column, count how many cells exceed the value of '66' ",5,K,Hard,C,0.952484021784787,,Determine which of the last 5 columns is most positively correalated with the first column named 'Hard' ,Chocolate,L,Hard,H,98 84 80,,"In the 'Hard' column, give the row names of the candys with the highest 3 values in descending order ",98,30,Fun Dips,84,9,Crunch Time,80,11,Now Later,Fun Dips-Crunch Time-Now Later,30 9 11,Nougat,G,,,"In the 'Nougat' column, calculate a rough estimate of the average value",37.86206896551724,G,Pluribus,J,32,1,"In the 'Pluribus' column, find the candy with a value equal to '32' ",Root Barrels,19,2,Correlation
DS10_candy_zebra2.png,26,10,candy,zebra,2,Caramel,J,38,0,"In the 'Caramel' column, count how many cells exceed the value of '38' ",8,J,SugarPercent,C,0.9102243079467232,,Determine which of the last 5 columns is most positively correalated with the first column named 'SugarPercent' ,Rating,J,Almond,K,75 73 71,,"In the 'Almond' column, give the row names of the candys with the highest 3 values in descending order ",75,31,Fun Dips,73,8,Laffy Taffy,71,26,Gold Bears,Fun Dips-Laffy Taffy-Gold Bears,31 8 26,Nougat,D,,,"In the 'Nougat' column, calculate a rough estimate of the average value",35.62068965517241,D,Almond,K,52,1,"In the 'Almond' column, find the candy with a value equal to '52' ",Cheese Bears,16,2,Correlation
DS11_candy_zebra3.png,27,11,candy,zebra,3,SugarPercent,G,50,0,"In the 'SugarPercent' column, count how many cells exceed the value of '50' ",7,G,Rating,C,0.9228939980431892,,Determine which of the last 5 columns is most positively correalated with the first column named 'Rating' ,Chocolate,K,Nougat,L,75 73 71,,"In the 'Nougat' column, give the row names of the candys with the highest 3 values in descending order ",75,27,Gold Bears,73,12,Fun Dips,71,28,Root Barrels,Gold Bears-Fun Dips-Root Barrels,27 12 28,Price,F,,,"In the 'Price' column, calculate a rough estimate of the average value",50.241379310344826,F,Nougat,L,52,1,"In the 'Nougat' column, find the candy with a value equal to '52' ",Milk Duds,15,2,Correlation
DS12_candy_zebra4.png,28,12,candy,zebra,4,Caramel,I,57,0,"In the 'Caramel' column, count how many cells exceed the value of '57' ",6,I,Hard,C,0.9508786303434444,,Determine which of the last 5 columns is most positively correalated with the first column named 'Hard' ,Nougat,I,Fruity,J,98 97 95,,"In the 'Fruity' column, give the row names of the candys with the highest 3 values in descending order ",98,30,Air Heads,97,19,Junior Mints,95,16,Haribo Cola,Air Heads-Junior Mints-Haribo Cola,30 19 16,Almond,G,,,"In the 'Almond' column, calculate a rough estimate of the average value",37.86206896551724,G,Nougat,K,59,1,"In the 'Nougat' column, find the candy with a value equal to '59' ",Haribo Cola,16,2,Correlation
DS13_movie_plain1.png,45,13,movie,plain,1,Hulu,H,70,0,"In the 'Hulu' column, count how many cells exceed the value of '70' ",5,H,Naver,C,0.9697062062812496,,Determine which of the last 5 columns is most positively correalated with the first column named 'Naver' ,Roger Ebert,I,PluggedIn,I,71 70 68,,"In the 'PluggedIn' column, give the row names of the movies with the highest 3 values in descending order ",71,21,About Elly,70,16,Black White,68,17,Divergent Series,About Elly-Black White-Divergent Series,21 16 17,Fandango,E,,,"In the 'Fandango' column, calculate a rough estimate of the average value",52.310344827586206,E,RottenTomatoes,J,67,1,"In the 'RottenTomatoes' column, find the movie with a value equal to '67' ",Welcome Home,20,2,Correlation
DS14_movie_plain2.png,46,14,movie,plain,2,MrQE,I,76,0,"In the 'MrQE' column, count how many cells exceed the value of '76' ",8,I,MrQE,C,0.932265725644314,,Determine which of the last 5 columns is most positively correalated with the first column named 'MrQE' ,Netflix,L,Metacritic,K,75 73 71,,"In the 'Metacritic' column, give the row names of the movies with the highest 3 values in descending order ",75,5,Irrational Man ,73,21,Teenage Girl ,71,20,Mapping Stars,Irrational Man -Teenage Girl -Mapping Stars,5 21 20,Roger Ebert,G,,,"In the 'Roger Ebert' column, calculate a rough estimate of the average value",37.86206896551724,G,MrQE,I,79,1,"In the 'MrQE' column, find the movie with a value equal to '79' ",Tomorrow land,18,2,Correlation
DS15_movie_plain3.png,47,15,movie,plain,3,Netflix,J,54,0,"In the 'Netflix' column, count how many cells exceed the value of '54' ",7,J,RottenTomatoes,C,0.9167989111790532,,Determine which of the last 5 columns is most positively correalated with the first column named 'RottenTomatoes' ,Netflix,K,Fandango,H,98 84 80,,"In the 'Fandango' column, give the row names of the movies with the highest 3 values in descending order ",98,10,Teenage Girl ,84,9,Irrational Man ,80,20,Next Door,Teenage Girl -Irrational Man -Next Door,10 9 20,RottenTomatoes,F,,,"In the 'RottenTomatoes' column, calculate a rough estimate of the average value",50.241379310344826,F,Film Comment,L,73,1,"In the 'Film Comment' column, find the movie with a value equal to '73' ",Adaline Age,19,2,Correlation
DS16_movie_plain4.png,48,16,movie,plain,4,Hulu,G,57,0,"In the 'Hulu' column, count how many cells exceed the value of '57' ",6,G,IMDB,C,0.9728327679668906,,Determine which of the last 5 columns is most positively correalated with the first column named 'IMDB' ,Fandango,J,Netflix,J,71 70 68,,"In the 'Netflix' column, give the row names of the movies with the highest 3 values in descending order ",71,18,Welcome Home,70,6,About Elly,68,10,Irrational Man ,Welcome Home-About Elly-Irrational Man ,18 6 10,IMDB,E,,,"In the 'IMDB' column, calculate a rough estimate of the average value",52.310344827586206,E,PluggedIn,K,31,1,"In the 'PluggedIn' column, find the movie with a value equal to '31' ",Still Alice,17,2,Correlation
DS1_anime_color1.png,1,1,anime,color,1,Watching,J,80,0,"In the 'Watching' column, count how many cells exceed the value of '80' ",7,J,Episodes,C,0.9092102829133202,,Determine which of the last 5 columns is most positively correalated with the first column named 'Episodes' ,Completed,I,Dropped,L,60 56 53,,"In the 'Dropped' column, give the row names of the animes with the highest 3 values in descending order ",60,13,Fafnar Weapon,56,18,Connect Angel,53,27,Dragon Ball,Fafnar Weapon-Connect Angel-Dragon Ball,13 18 27,Score,D,,,"In the 'Score' column, calculate a rough estimate of the average value",28.89655172413793,D,Members,G,15,1,"In the 'Members' column, find the anime with a value equal to '15' ",Metal Panic,16,3,Sort
DS2_anime_color2.png,2,2,anime,color,2,Popularity,I,70,0,"In the 'Popularity' column, count how many cells exceed the value of '70' ",6,I,Plan to Watch,C,0.94286333401893,,Determine which of the last 5 columns is most positively correalated with the first column named 'Plan to Watch' ,Favorites,L,Popularity,I,88 86 83,,"In the 'Popularity' column, give the row names of the animes with the highest 3 values in descending order ",88,5,Different Life,86,18,Connect Angel,83,6,Assassian World,Different Life-Connect Angel-Assassian World,5 18 6,Episodes,F,,,"In the 'Episodes' column, calculate a rough estimate of the average value",66.90214352283319,F,Ranked,H,26,1,"In the 'Ranked' column, find the anime with a value equal to '26' ",Monster Hunter,20,3,Sort
DS3_anime_color3.png,3,3,anime,color,3,Watching,G,88,0,"In the 'Watching' column, count how many cells exceed the value of '88' ",5,G,Completed,C,0.9730627334501696,,Determine which of the last 5 columns is most positively correalated with the first column named 'Completed' ,Episodes,K,On-Hold,J,75 73 71,,"In the 'On-Hold' column, give the row names of the animes with the highest 3 values in descending order ",75,5,Dragon Ball,73,10,Different Life,71,11,Connect Angel,Dragon Ball-Different Life-Connect Angel,5 10 11,Members,E,,,"In the 'Members' column, calculate a rough estimate of the average value",37.86206896551724,E,Dropped,I,17,1,"In the 'Dropped' column, find the anime with a value equal to '17' ",Magical Warfare,16,3,Sort
DS4_anime_color4.png,4,4,anime,color,4,Members,K,43,0,"In the 'Members' column, count how many cells exceed the value of '43' ",8,K,Score,C,0.9544895140214856,,Determine which of the last 5 columns is most positively correalated with the first column named 'Score' ,Dropped,J,Members,K,74 73 70,,"In the 'Members' column, give the row names of the animes with the highest 3 values in descending order ",74,6,Different Life,73,24,Fafnar Weapon,70,22,Travel World,Different Life-Fafnar Weapon-Travel World,6 24 22,Favorites,G,,,"In the 'Favorites' column, calculate a rough estimate of the average value",47.6551724137931,G,Dropped,J,12,1,"In the 'Dropped' column, find the anime with a value equal to '12' ",Metal Panic,18,3,Sort
DS5_cereal_bar1.png,53,5,cereal,bar,1,Carbo,I,57,0,"In the 'Carbo' column, count how many cells exceed the value of '57' ",8,I,Potassium,C,0.9184836043043162,,Determine which of the last 5 columns is most positively correalated with the first column named 'Potassium' ,Sugars,K,Calories,H,88 86 83,,"In the 'Calories' column, give the row names of the cereals with the highest 3 values in descending order ",88,5,Lucky Charms,86,19,Smile Maker,83,20,Wonderful Chex,Lucky Charms-Smile Maker-Wonderful Chex,5 19 20,Vitamins,F,,,"In the 'Vitamins' column, calculate a rough estimate of the average value",56.93103448275862,F,Protein,K,51,1,"In the 'Protein' column, find the cereal with a value equal to '51' ",Mini Wheats,17,3,Sort
DS6_cereal_bar2.png,54,6,cereal,bar,2,Sodium,H,70,0,"In the 'Sodium' column, count how many cells exceed the value of '70' ",5,H,Calories,C,0.950559168176336,,Determine which of the last 5 columns is most positively correalated with the first column named 'Calories' ,Protein,I,Potassium,I,71 70 68,,"In the 'Potassium' column, give the row names of the cereals with the highest 3 values in descending order ",71,22,Froot Loops,70,3,Almond Delight,68,7,Post Nat,Froot Loops-Almond Delight-Post Nat,22 3 7,Calories,E,,,"In the 'Calories' column, calculate a rough estimate of the average value",42.10344827586207,E,Sodium,H,32,1,"In the 'Sodium' column, find the cereal with a value equal to '32' ",Colorful Bran,19,3,Sort
DS7_cereal_bar3.png,55,7,cereal,bar,3,Carbo,J,45,0,"In the 'Carbo' column, count how many cells exceed the value of '45' ",6,J,Iron,C,0.91594870582426,,Determine which of the last 5 columns is most positively correalated with the first column named 'Iron' ,Carbo,J,Carbo,J,60 56 53,,"In the 'Carbo' column, give the row names of the cereals with the highest 3 values in descending order ",60,7,Fruity Pebbles,56,23,Colorful Bran,53,18,Cap Crunch,Fruity Pebbles-Colorful Bran-Cap Crunch,7 23 18,Sugars,D,,,"In the 'Sugars' column, calculate a rough estimate of the average value",35.62068965517241,D,Calories,I,83,1,"In the 'Calories' column, find the cereal with a value equal to '83' ",Corn Favorite,17,3,Sort
DS8_cereal_bar4.png,56,8,cereal,bar,4,Sugars,K,60,0,"In the 'Sugars' column, count how many cells exceed the value of '60' ",7,K,Vitamins,C,0.9094184192004277,,Determine which of the last 5 columns is most positively correalated with the first column named 'Vitamins' ,Potassium,L,Sugars,K,75 73 71,,"In the 'Sugars' column, give the row names of the cereals with the highest 3 values in descending order ",75,16,Cap Crunch,73,10,Fruit Fibre,71,19,Colorful Bran,Cap Crunch-Fruit Fibre-Colorful Bran,16 10 19,Calories,E,,,"In the 'Calories' column, calculate a rough estimate of the average value",52.310344827586206,E,Sugars,K,26,1,"In the 'Sugars' column, find the cereal with a value equal to '26' ",Double Chex,20,3,Sort
DS9_candy_zebra1.png,25,9,candy,zebra,1,SugarPercent,K,66,0,"In the 'SugarPercent' column, count how many cells exceed the value of '66' ",5,K,Hard,C,0.952484021784787,,Determine which of the last 5 columns is most positively correalated with the first column named 'Hard' ,Chocolate,L,Hard,H,98 84 80,,"In the 'Hard' column, give the row names of the candys with the highest 3 values in descending order ",98,30,Fun Dips,84,9,Crunch Time,80,11,Now Later,Fun Dips-Crunch Time-Now Later,30 9 11,Nougat,G,,,"In the 'Nougat' column, calculate a rough estimate of the average value",37.86206896551724,G,Pluribus,J,32,1,"In the 'Pluribus' column, find the candy with a value equal to '32' ",Root Barrels,19,3,Sort
DS10_candy_zebra2.png,26,10,candy,zebra,2,Caramel,J,38,0,"In the 'Caramel' column, count how many cells exceed the value of '38' ",8,J,SugarPercent,C,0.9102243079467232,,Determine which of the last 5 columns is most positively correalated with the first column named 'SugarPercent' ,Rating,J,Almond,K,75 73 71,,"In the 'Almond' column, give the row names of the candys with the highest 3 values in descending order ",75,31,Fun Dips,73,8,Laffy Taffy,71,26,Gold Bears,Fun Dips-Laffy Taffy-Gold Bears,31 8 26,Nougat,D,,,"In the 'Nougat' column, calculate a rough estimate of the average value",35.62068965517241,D,Almond,K,52,1,"In the 'Almond' column, find the candy with a value equal to '52' ",Cheese Bears,16,3,Sort
DS11_candy_zebra3.png,27,11,candy,zebra,3,SugarPercent,G,50,0,"In the 'SugarPercent' column, count how many cells exceed the value of '50' ",7,G,Rating,C,0.9228939980431892,,Determine which of the last 5 columns is most positively correalated with the first column named 'Rating' ,Chocolate,K,Nougat,L,75 73 71,,"In the 'Nougat' column, give the row names of the candys with the highest 3 values in descending order ",75,27,Gold Bears,73,12,Fun Dips,71,28,Root Barrels,Gold Bears-Fun Dips-Root Barrels,27 12 28,Price,F,,,"In the 'Price' column, calculate a rough estimate of the average value",50.241379310344826,F,Nougat,L,52,1,"In the 'Nougat' column, find the candy with a value equal to '52' ",Milk Duds,15,3,Sort
DS12_candy_zebra4.png,28,12,candy,zebra,4,Caramel,I,57,0,"In the 'Caramel' column, count how many cells exceed the value of '57' ",6,I,Hard,C,0.9508786303434444,,Determine which of the last 5 columns is most positively correalated with the first column named 'Hard' ,Nougat,I,Fruity,J,98 97 95,,"In the 'Fruity' column, give the row names of the candys with the highest 3 values in descending order ",98,30,Air Heads,97,19,Junior Mints,95,16,Haribo Cola,Air Heads-Junior Mints-Haribo Cola,30 19 16,Almond,G,,,"In the 'Almond' column, calculate a rough estimate of the average value",37.86206896551724,G,Nougat,K,59,1,"In the 'Nougat' column, find the candy with a value equal to '59' ",Haribo Cola,16,3,Sort
DS13_movie_plain1.png,45,13,movie,plain,1,Hulu,H,70,0,"In the 'Hulu' column, count how many cells exceed the value of '70' ",5,H,Naver,C,0.9697062062812496,,Determine which of the last 5 columns is most positively correalated with the first column named 'Naver' ,Roger Ebert,I,PluggedIn,I,71 70 68,,"In the 'PluggedIn' column, give the row names of the movies with the highest 3 values in descending order ",71,21,About Elly,70,16,Black White,68,17,Divergent Series,About Elly-Black White-Divergent Series,21 16 17,Fandango,E,,,"In the 'Fandango' column, calculate a rough estimate of the average value",52.310344827586206,E,RottenTomatoes,J,67,1,"In the 'RottenTomatoes' column, find the movie with a value equal to '67' ",Welcome Home,20,3,Sort
DS14_movie_plain2.png,46,14,movie,plain,2,MrQE,I,76,0,"In the 'MrQE' column, count how many cells exceed the value of '76' ",8,I,MrQE,C,0.932265725644314,,Determine which of the last 5 columns is most positively correalated with the first column named 'MrQE' ,Netflix,L,Metacritic,K,75 73 71,,"In the 'Metacritic' column, give the row names of the movies with the highest 3 values in descending order ",75,5,Irrational Man ,73,21,Teenage Girl ,71,20,Mapping Stars,Irrational Man -Teenage Girl -Mapping Stars,5 21 20,Roger Ebert,G,,,"In the 'Roger Ebert' column, calculate a rough estimate of the average value",37.86206896551724,G,MrQE,I,79,1,"In the 'MrQE' column, find the movie with a value equal to '79' ",Tomorrow land,18,3,Sort
DS15_movie_plain3.png,47,15,movie,plain,3,Netflix,J,54,0,"In the 'Netflix' column, count how many cells exceed the value of '54' ",7,J,RottenTomatoes,C,0.9167989111790532,,Determine which of the last 5 columns is most positively correalated with the first column named 'RottenTomatoes' ,Netflix,K,Fandango,H,98 84 80,,"In the 'Fandango' column, give the row names of the movies with the highest 3 values in descending order ",98,10,Teenage Girl ,84,9,Irrational Man ,80,20,Next Door,Teenage Girl -Irrational Man -Next Door,10 9 20,RottenTomatoes,F,,,"In the 'RottenTomatoes' column, calculate a rough estimate of the average value",50.241379310344826,F,Film Comment,L,73,1,"In the 'Film Comment' column, find the movie with a value equal to '73' ",Adaline Age,19,3,Sort
DS16_movie_plain4.png,48,16,movie,plain,4,Hulu,G,57,0,"In the 'Hulu' column, count how many cells exceed the value of '57' ",6,G,IMDB,C,0.9728327679668906,,Determine which of the last 5 columns is most positively correalated with the first column named 'IMDB' ,Fandango,J,Netflix,J,71 70 68,,"In the 'Netflix' column, give the row names of the movies with the highest 3 values in descending order ",71,18,Welcome Home,70,6,About Elly,68,10,Irrational Man ,Welcome Home-About Elly-Irrational Man ,18 6 10,IMDB,E,,,"In the 'IMDB' column, calculate a rough estimate of the average value",52.310344827586206,E,PluggedIn,K,31,1,"In the 'PluggedIn' column, find the movie with a value equal to '31' ",Still Alice,17,3,Sort
DS1_anime_color1.png,1,1,anime,color,1,Watching,J,80,0,"In the 'Watching' column, count how many cells exceed the value of '80' ",7,J,Episodes,C,0.9092102829133202,,Determine which of the last 5 columns is most positively correalated with the first column named 'Episodes' ,Completed,I,Dropped,L,60 56 53,,"In the 'Dropped' column, give the row names of the animes with the highest 3 values in descending order ",60,13,Fafnar Weapon,56,18,Connect Angel,53,27,Dragon Ball,Fafnar Weapon-Connect Angel-Dragon Ball,13 18 27,Score,D,,,"In the 'Score' column, calculate a rough estimate of the average value",28.89655172413793,D,Members,G,15,1,"In the 'Members' column, find the anime with a value equal to '15' ",Metal Panic,16,4,Estimate Average
DS2_anime_color2.png,2,2,anime,color,2,Popularity,I,70,0,"In the 'Popularity' column, count how many cells exceed the value of '70' ",6,I,Plan to Watch,C,0.94286333401893,,Determine which of the last 5 columns is most positively correalated with the first column named 'Plan to Watch' ,Favorites,L,Popularity,I,88 86 83,,"In the 'Popularity' column, give the row names of the animes with the highest 3 values in descending order ",88,5,Different Life,86,18,Connect Angel,83,6,Assassian World,Different Life-Connect Angel-Assassian World,5 18 6,Episodes,F,,,"In the 'Episodes' column, calculate a rough estimate of the average value",66.90214352283319,F,Ranked,H,26,1,"In the 'Ranked' column, find the anime with a value equal to '26' ",Monster Hunter,20,4,Estimate Average
DS3_anime_color3.png,3,3,anime,color,3,Watching,G,88,0,"In the 'Watching' column, count how many cells exceed the value of '88' ",5,G,Completed,C,0.9730627334501696,,Determine which of the last 5 columns is most positively correalated with the first column named 'Completed' ,Episodes,K,On-Hold,J,75 73 71,,"In the 'On-Hold' column, give the row names of the animes with the highest 3 values in descending order ",75,5,Dragon Ball,73,10,Different Life,71,11,Connect Angel,Dragon Ball-Different Life-Connect Angel,5 10 11,Members,E,,,"In the 'Members' column, calculate a rough estimate of the average value",37.86206896551724,E,Dropped,I,17,1,"In the 'Dropped' column, find the anime with a value equal to '17' ",Magical Warfare,16,4,Estimate Average
DS4_anime_color4.png,4,4,anime,color,4,Members,K,43,0,"In the 'Members' column, count how many cells exceed the value of '43' ",8,K,Score,C,0.9544895140214856,,Determine which of the last 5 columns is most positively correalated with the first column named 'Score' ,Dropped,J,Members,K,74 73 70,,"In the 'Members' column, give the row names of the animes with the highest 3 values in descending order ",74,6,Different Life,73,24,Fafnar Weapon,70,22,Travel World,Different Life-Fafnar Weapon-Travel World,6 24 22,Favorites,G,,,"In the 'Favorites' column, calculate a rough estimate of the average value",47.6551724137931,G,Dropped,J,12,1,"In the 'Dropped' column, find the anime with a value equal to '12' ",Metal Panic,18,4,Estimate Average
DS5_cereal_bar1.png,53,5,cereal,bar,1,Carbo,I,57,0,"In the 'Carbo' column, count how many cells exceed the value of '57' ",8,I,Potassium,C,0.9184836043043162,,Determine which of the last 5 columns is most positively correalated with the first column named 'Potassium' ,Sugars,K,Calories,H,88 86 83,,"In the 'Calories' column, give the row names of the cereals with the highest 3 values in descending order ",88,5,Lucky Charms,86,19,Smile Maker,83,20,Wonderful Chex,Lucky Charms-Smile Maker-Wonderful Chex,5 19 20,Vitamins,F,,,"In the 'Vitamins' column, calculate a rough estimate of the average value",56.93103448275862,F,Protein,K,51,1,"In the 'Protein' column, find the cereal with a value equal to '51' ",Mini Wheats,17,4,Estimate Average
DS6_cereal_bar2.png,54,6,cereal,bar,2,Sodium,H,70,0,"In the 'Sodium' column, count how many cells exceed the value of '70' ",5,H,Calories,C,0.950559168176336,,Determine which of the last 5 columns is most positively correalated with the first column named 'Calories' ,Protein,I,Potassium,I,71 70 68,,"In the 'Potassium' column, give the row names of the cereals with the highest 3 values in descending order ",71,22,Froot Loops,70,3,Almond Delight,68,7,Post Nat,Froot Loops-Almond Delight-Post Nat,22 3 7,Calories,E,,,"In the 'Calories' column, calculate a rough estimate of the average value",42.10344827586207,E,Sodium,H,32,1,"In the 'Sodium' column, find the cereal with a value equal to '32' ",Colorful Bran,19,4,Estimate Average
DS7_cereal_bar3.png,55,7,cereal,bar,3,Carbo,J,45,0,"In the 'Carbo' column, count how many cells exceed the value of '45' ",6,J,Iron,C,0.91594870582426,,Determine which of the last 5 columns is most positively correalated with the first column named 'Iron' ,Carbo,J,Carbo,J,60 56 53,,"In the 'Carbo' column, give the row names of the cereals with the highest 3 values in descending order ",60,7,Fruity Pebbles,56,23,Colorful Bran,53,18,Cap Crunch,Fruity Pebbles-Colorful Bran-Cap Crunch,7 23 18,Sugars,D,,,"In the 'Sugars' column, calculate a rough estimate of the average value",35.62068965517241,D,Calories,I,83,1,"In the 'Calories' column, find the cereal with a value equal to '83' ",Corn Favorite,17,4,Estimate Average
DS8_cereal_bar4.png,56,8,cereal,bar,4,Sugars,K,60,0,"In the 'Sugars' column, count how many cells exceed the value of '60' ",7,K,Vitamins,C,0.9094184192004277,,Determine which of the last 5 columns is most positively correalated with the first column named 'Vitamins' ,Potassium,L,Sugars,K,75 73 71,,"In the 'Sugars' column, give the row names of the cereals with the highest 3 values in descending order ",75,16,Cap Crunch,73,10,Fruit Fibre,71,19,Colorful Bran,Cap Crunch-Fruit Fibre-Colorful Bran,16 10 19,Calories,E,,,"In the 'Calories' column, calculate a rough estimate of the average value",52.310344827586206,E,Sugars,K,26,1,"In the 'Sugars' column, find the cereal with a value equal to '26' ",Double Chex,20,4,Estimate Average
DS9_candy_zebra1.png,25,9,candy,zebra,1,SugarPercent,K,66,0,"In the 'SugarPercent' column, count how many cells exceed the value of '66' ",5,K,Hard,C,0.952484021784787,,Determine which of the last 5 columns is most positively correalated with the first column named 'Hard' ,Chocolate,L,Hard,H,98 84 80,,"In the 'Hard' column, give the row names of the candys with the highest 3 values in descending order ",98,30,Fun Dips,84,9,Crunch Time,80,11,Now Later,Fun Dips-Crunch Time-Now Later,30 9 11,Nougat,G,,,"In the 'Nougat' column, calculate a rough estimate of the average value",37.86206896551724,G,Pluribus,J,32,1,"In the 'Pluribus' column, find the candy with a value equal to '32' ",Root Barrels,19,4,Estimate Average
DS10_candy_zebra2.png,26,10,candy,zebra,2,Caramel,J,38,0,"In the 'Caramel' column, count how many cells exceed the value of '38' ",8,J,SugarPercent,C,0.9102243079467232,,Determine which of the last 5 columns is most positively correalated with the first column named 'SugarPercent' ,Rating,J,Almond,K,75 73 71,,"In the 'Almond' column, give the row names of the candys with the highest 3 values in descending order ",75,31,Fun Dips,73,8,Laffy Taffy,71,26,Gold Bears,Fun Dips-Laffy Taffy-Gold Bears,31 8 26,Nougat,D,,,"In the 'Nougat' column, calculate a rough estimate of the average value",35.62068965517241,D,Almond,K,52,1,"In the 'Almond' column, find the candy with a value equal to '52' ",Cheese Bears,16,4,Estimate Average
DS11_candy_zebra3.png,27,11,candy,zebra,3,SugarPercent,G,50,0,"In the 'SugarPercent' column, count how many cells exceed the value of '50' ",7,G,Rating,C,0.9228939980431892,,Determine which of the last 5 columns is most positively correalated with the first column named 'Rating' ,Chocolate,K,Nougat,L,75 73 71,,"In the 'Nougat' column, give the row names of the candys with the highest 3 values in descending order ",75,27,Gold Bears,73,12,Fun Dips,71,28,Root Barrels,Gold Bears-Fun Dips-Root Barrels,27 12 28,Price,F,,,"In the 'Price' column, calculate a rough estimate of the average value",50.241379310344826,F,Nougat,L,52,1,"In the 'Nougat' column, find the candy with a value equal to '52' ",Milk Duds,15,4,Estimate Average
DS12_candy_zebra4.png,28,12,candy,zebra,4,Caramel,I,57,0,"In the 'Caramel' column, count how many cells exceed the value of '57' ",6,I,Hard,C,0.9508786303434444,,Determine which of the last 5 columns is most positively correalated with the first column named 'Hard' ,Nougat,I,Fruity,J,98 97 95,,"In the 'Fruity' column, give the row names of the candys with the highest 3 values in descending order ",98,30,Air Heads,97,19,Junior Mints,95,16,Haribo Cola,Air Heads-Junior Mints-Haribo Cola,30 19 16,Almond,G,,,"In the 'Almond' column, calculate a rough estimate of the average value",37.86206896551724,G,Nougat,K,59,1,"In the 'Nougat' column, find the candy with a value equal to '59' ",Haribo Cola,16,4,Estimate Average
DS13_movie_plain1.png,45,13,movie,plain,1,Hulu,H,70,0,"In the 'Hulu' column, count how many cells exceed the value of '70' ",5,H,Naver,C,0.9697062062812496,,Determine which of the last 5 columns is most positively correalated with the first column named 'Naver' ,Roger Ebert,I,PluggedIn,I,71 70 68,,"In the 'PluggedIn' column, give the row names of the movies with the highest 3 values in descending order ",71,21,About Elly,70,16,Black White,68,17,Divergent Series,About Elly-Black White-Divergent Series,21 16 17,Fandango,E,,,"In the 'Fandango' column, calculate a rough estimate of the average value",52.310344827586206,E,RottenTomatoes,J,67,1,"In the 'RottenTomatoes' column, find the movie with a value equal to '67' ",Welcome Home,20,4,Estimate Average
DS14_movie_plain2.png,46,14,movie,plain,2,MrQE,I,76,0,"In the 'MrQE' column, count how many cells exceed the value of '76' ",8,I,MrQE,C,0.932265725644314,,Determine which of the last 5 columns is most positively correalated with the first column named 'MrQE' ,Netflix,L,Metacritic,K,75 73 71,,"In the 'Metacritic' column, give the row names of the movies with the highest 3 values in descending order ",75,5,Irrational Man ,73,21,Teenage Girl ,71,20,Mapping Stars,Irrational Man -Teenage Girl -Mapping Stars,5 21 20,Roger Ebert,G,,,"In the 'Roger Ebert' column, calculate a rough estimate of the average value",37.86206896551724,G,MrQE,I,79,1,"In the 'MrQE' column, find the movie with a value equal to '79' ",Tomorrow land,18,4,Estimate Average
DS15_movie_plain3.png,47,15,movie,plain,3,Netflix,J,54,0,"In the 'Netflix' column, count how many cells exceed the value of '54' ",7,J,RottenTomatoes,C,0.9167989111790532,,Determine which of the last 5 columns is most positively correalated with the first column named 'RottenTomatoes' ,Netflix,K,Fandango,H,98 84 80,,"In the 'Fandango' column, give the row names of the movies with the highest 3 values in descending order ",98,10,Teenage Girl ,84,9,Irrational Man ,80,20,Next Door,Teenage Girl -Irrational Man -Next Door,10 9 20,RottenTomatoes,F,,,"In the 'RottenTomatoes' column, calculate a rough estimate of the average value",50.241379310344826,F,Film Comment,L,73,1,"In the 'Film Comment' column, find the movie with a value equal to '73' ",Adaline Age,19,4,Estimate Average
DS16_movie_plain4.png,48,16,movie,plain,4,Hulu,G,57,0,"In the 'Hulu' column, count how many cells exceed the value of '57' ",6,G,IMDB,C,0.9728327679668906,,Determine which of the last 5 columns is most positively correalated with the first column named 'IMDB' ,Fandango,J,Netflix,J,71 70 68,,"In the 'Netflix' column, give the row names of the movies with the highest 3 values in descending order ",71,18,Welcome Home,70,6,About Elly,68,10,Irrational Man ,Welcome Home-About Elly-Irrational Man ,18 6 10,IMDB,E,,,"In the 'IMDB' column, calculate a rough estimate of the average value",52.310344827586206,E,PluggedIn,K,31,1,"In the 'PluggedIn' column, find the movie with a value equal to '31' ",Still Alice,17,4,Estimate Average
DS1_anime_color1.png,1,1,anime,color,1,Watching,J,80,0,"In the 'Watching' column, count how many cells exceed the value of '80' ",7,J,Episodes,C,0.9092102829133202,,Determine which of the last 5 columns is most positively correalated with the first column named 'Episodes' ,Completed,I,Dropped,L,60 56 53,,"In the 'Dropped' column, give the row names of the animes with the highest 3 values in descending order ",60,13,Fafnar Weapon,56,18,Connect Angel,53,27,Dragon Ball,Fafnar Weapon-Connect Angel-Dragon Ball,13 18 27,Score,D,,,"In the 'Score' column, calculate a rough estimate of the average value",28.89655172413793,D,Members,G,15,1,"In the 'Members' column, find the anime with a value equal to '15' ",Metal Panic,16,5,Retrieve Value
DS2_anime_color2.png,2,2,anime,color,2,Popularity,I,70,0,"In the 'Popularity' column, count how many cells exceed the value of '70' ",6,I,Plan to Watch,C,0.94286333401893,,Determine which of the last 5 columns is most positively correalated with the first column named 'Plan to Watch' ,Favorites,L,Popularity,I,88 86 83,,"In the 'Popularity' column, give the row names of the animes with the highest 3 values in descending order ",88,5,Different Life,86,18,Connect Angel,83,6,Assassian World,Different Life-Connect Angel-Assassian World,5 18 6,Episodes,F,,,"In the 'Episodes' column, calculate a rough estimate of the average value",66.90214352283319,F,Ranked,H,26,1,"In the 'Ranked' column, find the anime with a value equal to '26' ",Monster Hunter,20,5,Retrieve Value
DS3_anime_color3.png,3,3,anime,color,3,Watching,G,88,0,"In the 'Watching' column, count how many cells exceed the value of '88' ",5,G,Completed,C,0.9730627334501696,,Determine which of the last 5 columns is most positively correalated with the first column named 'Completed' ,Episodes,K,On-Hold,J,75 73 71,,"In the 'On-Hold' column, give the row names of the animes with the highest 3 values in descending order ",75,5,Dragon Ball,73,10,Different Life,71,11,Connect Angel,Dragon Ball-Different Life-Connect Angel,5 10 11,Members,E,,,"In the 'Members' column, calculate a rough estimate of the average value",37.86206896551724,E,Dropped,I,17,1,"In the 'Dropped' column, find the anime with a value equal to '17' ",Magical Warfare,16,5,Retrieve Value
DS4_anime_color4.png,4,4,anime,color,4,Members,K,43,0,"In the 'Members' column, count how many cells exceed the value of '43' ",8,K,Score,C,0.9544895140214856,,Determine which of the last 5 columns is most positively correalated with the first column named 'Score' ,Dropped,J,Members,K,74 73 70,,"In the 'Members' column, give the row names of the animes with the highest 3 values in descending order ",74,6,Different Life,73,24,Fafnar Weapon,70,22,Travel World,Different Life-Fafnar Weapon-Travel World,6 24 22,Favorites,G,,,"In the 'Favorites' column, calculate a rough estimate of the average value",47.6551724137931,G,Dropped,J,12,1,"In the 'Dropped' column, find the anime with a value equal to '12' ",Metal Panic,18,5,Retrieve Value
DS5_cereal_bar1.png,53,5,cereal,bar,1,Carbo,I,57,0,"In the 'Carbo' column, count how many cells exceed the value of '57' ",8,I,Potassium,C,0.9184836043043162,,Determine which of the last 5 columns is most positively correalated with the first column named 'Potassium' ,Sugars,K,Calories,H,88 86 83,,"In the 'Calories' column, give the row names of the cereals with the highest 3 values in descending order ",88,5,Lucky Charms,86,19,Smile Maker,83,20,Wonderful Chex,Lucky Charms-Smile Maker-Wonderful Chex,5 19 20,Vitamins,F,,,"In the 'Vitamins' column, calculate a rough estimate of the average value",56.93103448275862,F,Protein,K,51,1,"In the 'Protein' column, find the cereal with a value equal to '51' ",Mini Wheats,17,5,Retrieve Value
DS6_cereal_bar2.png,54,6,cereal,bar,2,Sodium,H,70,0,"In the 'Sodium' column, count how many cells exceed the value of '70' ",5,H,Calories,C,0.950559168176336,,Determine which of the last 5 columns is most positively correalated with the first column named 'Calories' ,Protein,I,Potassium,I,71 70 68,,"In the 'Potassium' column, give the row names of the cereals with the highest 3 values in descending order ",71,22,Froot Loops,70,3,Almond Delight,68,7,Post Nat,Froot Loops-Almond Delight-Post Nat,22 3 7,Calories,E,,,"In the 'Calories' column, calculate a rough estimate of the average value",42.10344827586207,E,Sodium,H,32,1,"In the 'Sodium' column, find the cereal with a value equal to '32' ",Colorful Bran,19,5,Retrieve Value
DS7_cereal_bar3.png,55,7,cereal,bar,3,Carbo,J,45,0,"In the 'Carbo' column, count how many cells exceed the value of '45' ",6,J,Iron,C,0.91594870582426,,Determine which of the last 5 columns is most positively correalated with the first column named 'Iron' ,Carbo,J,Carbo,J,60 56 53,,"In the 'Carbo' column, give the row names of the cereals with the highest 3 values in descending order ",60,7,Fruity Pebbles,56,23,Colorful Bran,53,18,Cap Crunch,Fruity Pebbles-Colorful Bran-Cap Crunch,7 23 18,Sugars,D,,,"In the 'Sugars' column, calculate a rough estimate of the average value",35.62068965517241,D,Calories,I,83,1,"In the 'Calories' column, find the cereal with a value equal to '83' ",Corn Favorite,17,5,Retrieve Value
DS8_cereal_bar4.png,56,8,cereal,bar,4,Sugars,K,60,0,"In the 'Sugars' column, count how many cells exceed the value of '60' ",7,K,Vitamins,C,0.9094184192004277,,Determine which of the last 5 columns is most positively correalated with the first column named 'Vitamins' ,Potassium,L,Sugars,K,75 73 71,,"In the 'Sugars' column, give the row names of the cereals with the highest 3 values in descending order ",75,16,Cap Crunch,73,10,Fruit Fibre,71,19,Colorful Bran,Cap Crunch-Fruit Fibre-Colorful Bran,16 10 19,Calories,E,,,"In the 'Calories' column, calculate a rough estimate of the average value",52.310344827586206,E,Sugars,K,26,1,"In the 'Sugars' column, find the cereal with a value equal to '26' ",Double Chex,20,5,Retrieve Value
DS9_candy_zebra1.png,25,9,candy,zebra,1,SugarPercent,K,66,0,"In the 'SugarPercent' column, count how many cells exceed the value of '66' ",5,K,Hard,C,0.952484021784787,,Determine which of the last 5 columns is most positively correalated with the first column named 'Hard' ,Chocolate,L,Hard,H,98 84 80,,"In the 'Hard' column, give the row names of the candys with the highest 3 values in descending order ",98,30,Fun Dips,84,9,Crunch Time,80,11,Now Later,Fun Dips-Crunch Time-Now Later,30 9 11,Nougat,G,,,"In the 'Nougat' column, calculate a rough estimate of the average value",37.86206896551724,G,Pluribus,J,32,1,"In the 'Pluribus' column, find the candy with a value equal to '32' ",Root Barrels,19,5,Retrieve Value
DS10_candy_zebra2.png,26,10,candy,zebra,2,Caramel,J,38,0,"In the 'Caramel' column, count how many cells exceed the value of '38' ",8,J,SugarPercent,C,0.9102243079467232,,Determine which of the last 5 columns is most positively correalated with the first column named 'SugarPercent' ,Rating,J,Almond,K,75 73 71,,"In the 'Almond' column, give the row names of the candys with the highest 3 values in descending order ",75,31,Fun Dips,73,8,Laffy Taffy,71,26,Gold Bears,Fun Dips-Laffy Taffy-Gold Bears,31 8 26,Nougat,D,,,"In the 'Nougat' column, calculate a rough estimate of the average value",35.62068965517241,D,Almond,K,52,1,"In the 'Almond' column, find the candy with a value equal to '52' ",Cheese Bears,16,5,Retrieve Value
DS11_candy_zebra3.png,27,11,candy,zebra,3,SugarPercent,G,50,0,"In the 'SugarPercent' column, count how many cells exceed the value of '50' ",7,G,Rating,C,0.9228939980431892,,Determine which of the last 5 columns is most positively correalated with the first column named 'Rating' ,Chocolate,K,Nougat,L,75 73 71,,"In the 'Nougat' column, give the row names of the candys with the highest 3 values in descending order ",75,27,Gold Bears,73,12,Fun Dips,71,28,Root Barrels,Gold Bears-Fun Dips-Root Barrels,27 12 28,Price,F,,,"In the 'Price' column, calculate a rough estimate of the average value",50.241379310344826,F,Nougat,L,52,1,"In the 'Nougat' column, find the candy with a value equal to '52' ",Milk Duds,15,5,Retrieve Value
DS12_candy_zebra4.png,28,12,candy,zebra,4,Caramel,I,57,0,"In the 'Caramel' column, count how many cells exceed the value of '57' ",6,I,Hard,C,0.9508786303434444,,Determine which of the last 5 columns is most positively correalated with the first column named 'Hard' ,Nougat,I,Fruity,J,98 97 95,,"In the 'Fruity' column, give the row names of the candys with the highest 3 values in descending order ",98,30,Air Heads,97,19,Junior Mints,95,16,Haribo Cola,Air Heads-Junior Mints-Haribo Cola,30 19 16,Almond,G,,,"In the 'Almond' column, calculate a rough estimate of the average value",37.86206896551724,G,Nougat,K,59,1,"In the 'Nougat' column, find the candy with a value equal to '59' ",Haribo Cola,16,5,Retrieve Value
DS13_movie_plain1.png,45,13,movie,plain,1,Hulu,H,70,0,"In the 'Hulu' column, count how many cells exceed the value of '70' ",5,H,Naver,C,0.9697062062812496,,Determine which of the last 5 columns is most positively correalated with the first column named 'Naver' ,Roger Ebert,I,PluggedIn,I,71 70 68,,"In the 'PluggedIn' column, give the row names of the movies with the highest 3 values in descending order ",71,21,About Elly,70,16,Black White,68,17,Divergent Series,About Elly-Black White-Divergent Series,21 16 17,Fandango,E,,,"In the 'Fandango' column, calculate a rough estimate of the average value",52.310344827586206,E,RottenTomatoes,J,67,1,"In the 'RottenTomatoes' column, find the movie with a value equal to '67' ",Welcome Home,20,5,Retrieve Value
DS14_movie_plain2.png,46,14,movie,plain,2,MrQE,I,76,0,"In the 'MrQE' column, count how many cells exceed the value of '76' ",8,I,MrQE,C,0.932265725644314,,Determine which of the last 5 columns is most positively correalated with the first column named 'MrQE' ,Netflix,L,Metacritic,K,75 73 71,,"In the 'Metacritic' column, give the row names of the movies with the highest 3 values in descending order ",75,5,Irrational Man ,73,21,Teenage Girl ,71,20,Mapping Stars,Irrational Man -Teenage Girl -Mapping Stars,5 21 20,Roger Ebert,G,,,"In the 'Roger Ebert' column, calculate a rough estimate of the average value",37.86206896551724,G,MrQE,I,79,1,"In the 'MrQE' column, find the movie with a value equal to '79' ",Tomorrow land,18,5,Retrieve Value
DS15_movie_plain3.png,47,15,movie,plain,3,Netflix,J,54,0,"In the 'Netflix' column, count how many cells exceed the value of '54' ",7,J,RottenTomatoes,C,0.9167989111790532,,Determine which of the last 5 columns is most positively correalated with the first column named 'RottenTomatoes' ,Netflix,K,Fandango,H,98 84 80,,"In the 'Fandango' column, give the row names of the movies with the highest 3 values in descending order ",98,10,Teenage Girl ,84,9,Irrational Man ,80,20,Next Door,Teenage Girl -Irrational Man -Next Door,10 9 20,RottenTomatoes,F,,,"In the 'RottenTomatoes' column, calculate a rough estimate of the average value",50.241379310344826,F,Film Comment,L,73,1,"In the 'Film Comment' column, find the movie with a value equal to '73' ",Adaline Age,19,5,Retrieve Value
DS16_movie_plain4.png,48,16,movie,plain,4,Hulu,G,57,0,"In the 'Hulu' column, count how many cells exceed the value of '57' ",6,G,IMDB,C,0.9728327679668906,,Determine which of the last 5 columns is most positively correalated with the first column named 'IMDB' ,Fandango,J,Netflix,J,71 70 68,,"In the 'Netflix' column, give the row names of the movies with the highest 3 values in descending order ",71,18,Welcome Home,70,6,About Elly,68,10,Irrational Man ,Welcome Home-About Elly-Irrational Man ,18 6 10,IMDB,E,,,"In the 'IMDB' column, calculate a rough estimate of the average value",52.310344827586206,E,PluggedIn,K,31,1,"In the 'PluggedIn' column, find the movie with a value equal to '31' ",Still Alice,17,5,Retrieve Value
